OBJECT:
  MASS: 0.6897000000
  COM_WRT_MESH: [0.0000000000, -0.0437200000, -0.0009400000]
  INERTIA_WRT_COM: [[0.0068616296, 0.0000000915, -0.0000001340],[0.0000000915, 0.0005532019, -0.0000552629],[-0.0000001340, -0.0000552629, 0.0063604132]]
  GRASP_WRT_MESH: [[1.0000000000, 0.0000000000, 0.0000000000, 0.0000000000],[0.0000000000, 1.0000000000, 0.0000000000, -0.2000000000],[0.0000000000, 0.0000000000, 1.0000000000, 0.0000000000],[0.0000000000, 0.0000000000, 0.0000000000, 1.0000000000]]
