OBJECT:
  MASS: 0.6582800000
  COM_WRT_MESH: [-0.1904100000, -0.0982100000, -0.0545100000]
  INERTIA_WRT_COM: [[0.0012333981, -0.0000003155, -0.0004644140],[-0.0000003155, 0.0139466898, 0.0000021468],[-0.0004644140, 0.0000021468, 0.0127282606]]
  GRASP_WRT_MESH: [[1.0000000000, 0.0000000000, 0.0000000000, -0.2000000000],[0.0000000000, 1.0000000000, 0.0000000000, -0.0980000000],[0.0000000000, 0.0000000000, 1.0000000000, -0.1000000000],[0.0000000000, 0.0000000000, 0.0000000000, 1.0000000000]]
