OBJECT:
  MASS: 0.7189500000
  COM_WRT_MESH: [0.0577500000, 0.0000000000, -0.0021500000]
  INERTIA_WRT_COM: [[0.0001902649, -0.0000000722, 0.0001133697],[-0.0000000722, 0.0053247784, -0.0000000278],[0.0001133697, -0.0000000278, 0.0051631719]]
  GRASP_WRT_MESH: [[1.0000000000, 0.0000000000, 0.0000000000, -0.0750000000],[0.0000000000, 0.0000000000, -1.0000000000, 0.0000000000],[0.0000000000, 1.0000000000, 0.0000000000, 0.0000000000],[0.0000000000, 0.0000000000, 0.0000000000, 1.0000000000]]
