OBJECT:
  MASS: 0.1330100000
  COM_WRT_MESH: [0.0920200000, 0.0644000000, 0.1712800000]
  INERTIA_WRT_COM: [[0.0006483425, -0.0000176322, 0.0000000000],[-0.0000176322, 0.0000485972, 0.0000000000],[0.0000000000, 0.0000000000, 0.0006912084]]
  GRASP_WRT_MESH: [[0.0000000000, 0.0000000000, -1.0000000000, 0.0940000000],[0.0000000000, 1.0000000000, 0.0000000000, 0.2200000000],[1.0000000000, 0.0000000000, 0.0000000000, 0.1700000000],[0.0000000000, 0.0000000000, 0.0000000000, 1.0000000000]]
