OBJECT:
  MASS: 0.3874200000
  COM_WRT_MESH: [-0.0037000000, 0.0000000000, 0.0436600000]
  INERTIA_WRT_COM: [[0.0008700228, -0.0000000003, -0.0000669834],[-0.0000000003, 0.0009263643, -0.0000000007],[-0.0000669834, -0.0000000007, 0.0000670466]]
  GRASP_WRT_MESH: [[0.0000000000, 0.0000000000, -1.0000000000, 0.0100000000],[0.0000000000, 1.0000000000, 0.0000000000, 0.0000000000],[1.0000000000, 0.0000000000, 0.0000000000, 0.1000000000],[0.0000000000, 0.0000000000, 0.0000000000, 1.0000000000]]
