OBJECT:
  MASS: 0.0304300000
  COM_WRT_MESH: [0.0000000000, 0.0000000000, 0.0759400000]
  INERTIA_WRT_COM: [[0.0000846909, 0.0000000000, 0.0000000001],[0.0000000000, 0.0000846906, 0.0000000000],[0.0000000001, 0.0000000000, 0.0000005175]]
  GRASP_WRT_MESH: [[1.0000000000, 0.0000000000, 0.0000000000, 0.0000000000],[0.0000000000, 0.0000000000, -1.0000000000, 0.0000000000],[0.0000000000, 1.0000000000, 0.0000000000, 0.0300000000],[0.0000000000, 0.0000000000, 0.0000000000, 1.0000000000]]
