OBJECT:
  MASS: 0.3559700000
  COM_WRT_MESH: [0.0000000000, -0.0027700000, -0.0589500000]
  INERTIA_WRT_COM: [[0.0015472315, -0.0000000003, -0.0000000039],[-0.0000000003, 0.0015347588, 0.0000582269],[-0.0000000039, 0.0000582269, 0.0000372192]]
  GRASP_WRT_MESH: [[1.0000000000, 0.0000000000, 0.0000000000, 0.0000000000],[0.0000000000, 0.0000000000, -1.0000000000, 0.0000000000],[0.0000000000, 1.0000000000, 0.0000000000, -0.1500000000],[0.0000000000, 0.0000000000, 0.0000000000, 1.0000000000]]
