OBJECT:
  MASS: 0.1737400000
  COM_WRT_MESH: [-0.0706400000, -0.1043300000, 0.3439900000]
  INERTIA_WRT_COM: [[0.0006223343, -0.0000002217, -0.0000162355],[-0.0000002217, 0.0006400221, 0.0000025464],[-0.0000162355, 0.0000025464, 0.0000199292]]
  GRASP_WRT_MESH: [[1.0000000000, 0.0000000000, 0.0000000000, -0.0720000000],[0.0000000000, 0.0000000000, 1.0000000000, -0.1030000000],[0.0000000000, -1.0000000000, 0.0000000000, 0.2500000000],[0.0000000000, 0.0000000000, 0.0000000000, 1.0000000000]]
