OBJECT:
  MASS: 0.2063895000
  COM_WRT_MESH: [0.0889357000, 0.0202443000, 0.0005694000]
  INERTIA_WRT_COM: [[0.0000665849, -0.0001588879, -0.0000087733],[-0.0001588879, 0.0006701984, -0.0000022681],[-0.0000087733, -0.0000022681, 0.0006857418]]
  GRASP_WRT_MESH: [[0.9659258263, 0.0000000000, 0.2588190451, 0.0600000000],[0.2588190451, 0.0000000000, -0.9659258263, 0.0125000000],[0.0000000000, 1.0000000000, 0.0000000000, 0.0000000000],[0.0000000000, 0.0000000000, 0.0000000000, 1.0000000000]]
