OBJECT:
  MASS: 0.0199300000
  COM_WRT_MESH: [0.0093600000, 0.0185000000, 0.0966100000]
  INERTIA_WRT_COM: [[0.0000451054, 0.0000000856, 0.0000000000],[0.0000000856, 0.0000451423, 0.0000000000],[0.0000000000, 0.0000000000, 0.0000002993]]
  GRASP_WRT_MESH: [[1.0000000000, 0.0000000000, 0.0000000000, 0.0091000000],[0.0000000000, 0.0000000000, -1.0000000000, 0.0186000000],[0.0000000000, 1.0000000000, 0.0000000000, 0.0200000000],[0.0000000000, 0.0000000000, 0.0000000000, 1.0000000000]]
