OBJECT:
  MASS: 0.5980400000
  COM_WRT_MESH: [-0.0439440000, 0.0440700000, 0.0081130000]
  INERTIA_WRT_COM: [[0.0012600611, 0.0001586471, -0.0000012400],[0.0001586471, 0.0005248530, 0.0000080585],[-0.0000012400, 0.0000080585, 0.0017598897]]
  GRASP_WRT_MESH: [[1.0000000000, 0.0000000000, 0.0000000000, -0.0500000000],[0.0000000000, 0.0000000000, -1.0000000000, 0.1100000000],[0.0000000000, 1.0000000000, 0.0000000000, 0.0080000000],[0.0000000000, 0.0000000000, 0.0000000000, 1.0000000000]]
