OBJECT:
  MASS: 0.1280800000
  COM_WRT_MESH: [0.0396920000, -0.0728110000, 0.0000000000]
  INERTIA_WRT_COM: [[0.0004122894, 0.0000441111, 0.0000000000],[0.0000441111, 0.0000163249, 0.0000000000],[0.0000000000, 0.0000000000, 0.0004270115]]
  GRASP_WRT_MESH: [[1.0000000000, 0.0000000000, 0.0000000000, 0.0450000000],[0.0000000000, 1.0000000000, 0.0000000000, -0.1000000000],[0.0000000000, 0.0000000000, 1.0000000000, 0.0000000000],[0.0000000000, 0.0000000000, 0.0000000000, 1.0000000000]]
