OBJECT:
  MASS: 0.2547474000
  COM_WRT_MESH: [0.0095456000, 0.0067089000, 0.0356248000]
  INERTIA_WRT_COM: [[0.0004090820, 0.0000005801, -0.0000689681],[0.0000005801, 0.0005696445, 0.0000072265],[-0.0000689681, 0.0000072265, 0.0001701696]]
  GRASP_WRT_MESH: [[0.9659258263, 0.2588190451, 0.0000000000, 0.0500000000],[0.0000000000, 0.0000000000, -1.0000000000, 0.0070000000],[-0.2588190451, 0.9659258263, 0.0000000000, 0.0600000000],[0.0000000000, 0.0000000000, 0.0000000000, 1.0000000000]]
