OBJECT:
  MASS: 0.3396500000
  COM_WRT_MESH: [-0.0531100000, 0.0160600000, 0.0153600000]
  INERTIA_WRT_COM: [[0.0013090461, 0.0001221416, -0.0000951694],[0.0001221416, 0.0016888483, 0.0000251740],[-0.0000951694, 0.0000251740, 0.0004583898]]
  GRASP_WRT_MESH: [[1.0000000000, 0.0000000000, 0.0000000000, 0.0000000000],[0.0000000000, 0.0000000000, -1.0000000000, 0.0000000000],[0.0000000000, 1.0000000000, 0.0000000000, -0.0800000000],[0.0000000000, 0.0000000000, 0.0000000000, 1.0000000000]]
