OBJECT:
  MASS: 0.1362700000
  COM_WRT_MESH: [0.0236300000, 0.0271100000, 0.0000400000]
  INERTIA_WRT_COM: [[0.0000351654, 0.0000013665, 0.0000000092],[0.0000013665, 0.0000306245, -0.0000000095],[0.0000000092, -0.0000000095, 0.0000565384]]
  GRASP_WRT_MESH: [[1.0000000000, 0.0000000000, 0.0000000000, 0.0250000000],[0.0000000000, 0.0000000000, 1.0000000000, 0.0000000000],[0.0000000000, -1.0000000000, 0.0000000000, 0.0000000000],[0.0000000000, 0.0000000000, 0.0000000000, 1.0000000000]]
