OBJECT:
  MASS: 0.0087400000
  COM_WRT_MESH: [0.0816200000, 0.0005000000, -0.0099700000]
  INERTIA_WRT_COM: [[0.0000002906, 0.0000000000, 0.0000000016],[0.0000000000, 0.0000197499, -0.0000000001],[0.0000000016, -0.0000000001, 0.0000194607]]
  GRASP_WRT_MESH: [[1.0000000000, 0.0000000000, 0.0000000000, 0.0200000000],[0.0000000000, 1.0000000000, 0.0000000000, 0.0000000000],[0.0000000000, 0.0000000000, 1.0000000000, -0.0096000000],[0.0000000000, 0.0000000000, 0.0000000000, 1.0000000000]]
