OBJECT:
  MASS: 0.0813000000
  COM_WRT_MESH: [0.0183200000, 0.0278000000, -0.0150500000]
  INERTIA_WRT_COM: [[0.0004042115, 0.0000000000, 0.0000000000],[0.0000000000, 0.0004042115, 0.0000000000],[0.0000000000, 0.0000000000, 0.0000028915]]
  GRASP_WRT_MESH: [[1.0000000000, 0.0000000000, 0.0000000000, 0.0180000000],[0.0000000000, 1.0000000000, 0.0000000000, 0.0280000000],[0.0000000000, 0.0000000000, 1.0000000000, 0.0500000000],[0.0000000000, 0.0000000000, 0.0000000000, 1.0000000000]]
