OBJECT:
  MASS: 0.2247600000
  COM_WRT_MESH: [0.0776500000, 0.0045100000, 0.0000000000]
  INERTIA_WRT_COM: [[0.0001281023, 0.0000591183, 0.0000000000],[0.0000591183, 0.0004433565, 0.0000000000],[0.0000000000, 0.0000000000, 0.0005677591]]
  GRASP_WRT_MESH: [[1.0000000000, 0.0000000000, 0.0000000000, 0.0000000000],[0.0000000000, 0.0000000000, -1.0000000000, 0.0250000000],[0.0000000000, 1.0000000000, 0.0000000000, 0.0000000000],[0.0000000000, 0.0000000000, 0.0000000000, 1.0000000000]]
