OBJECT:
  MASS: 0.6331800000
  COM_WRT_MESH: [0.1608300000, 0.1411500000, 0.1575300000]
  INERTIA_WRT_COM: [[0.0002326376, 0.0000735731, 0.0000159339],[0.0000735731, 0.0024136118, 0.0000098511],[0.0000159339, 0.0000098511, 0.0026148390]]
  GRASP_WRT_MESH: [[1.0000000000, 0.0000000000, 0.0000000000, 0.2400000000],[0.0000000000, 0.0000000000, -1.0000000000, 0.1580000000],[0.0000000000, 1.0000000000, 0.0000000000, 0.1580000000],[0.0000000000, 0.0000000000, 0.0000000000, 1.0000000000]]
