OBJECT:
  MASS: 0.2367800000
  COM_WRT_MESH: [0.0973500000, 0.1925600000, 0.1774000000]
  INERTIA_WRT_COM: [[0.0014082838, 0.0000000000, 0.0000000000],[0.0000000000, 0.0001540384, 0.0000000000],[0.0000000000, 0.0000000000, 0.0015101301]]
  GRASP_WRT_MESH: [[0.0000000000, 0.0000000000, 1.0000000000, 0.0960000000],[0.0000000000, 1.0000000000, 0.0000000000, 0.0500000000],[-1.0000000000, 0.0000000000, 0.0000000000, 0.1760000000],[0.0000000000, 0.0000000000, 0.0000000000, 1.0000000000]]
